Episode at step 11356
Trajectory length: 71
Total return: 1.0000
Success: True
============================================================

Timestep   Reward       MC Return   
------------------------------------------------------------
0          0.0000       0.027583690360188484
1          0.0000       0.02903546392917633
2          0.0000       0.03056364506483078
3          0.0000       0.03217225894331932
4          0.0000       0.033865537494421005
5          0.0000       0.035647932440042496
6          0.0000       0.037524137645959854
7          0.0000       0.03949909284710884
8          0.0000       0.04157799482345581
9          0.0000       0.04376630857586861
10         0.0000       0.04606979712843895
11         0.0000       0.048494525253772736
12         0.0000       0.05104686692357063
13         0.0000       0.053733546286821365
14         0.0000       0.05656162649393082
15         0.0000       0.05953855440020561
16         0.0000       0.06267216056585312
17         0.0000       0.06597069650888443
18         0.0000       0.06944283843040466
19         0.0000       0.07309772819280624
20         0.0000       0.0769449770450592
21         0.0000       0.08099471032619476
22         0.0000       0.08525758981704712
23         0.0000       0.08974482864141464
24         0.0000       0.09446824342012405
25         0.0000       0.09944025427103043
26         0.0000       0.10467395186424255
27         0.0000       0.11018311232328415
28         0.0000       0.11598221957683563
29         0.0000       0.1220865473151207
30         0.0000       0.1285121589899063
31         0.0000       0.1352759599685669
32         0.0000       0.1423957347869873
33         0.0000       0.1498902589082718
34         0.0000       0.15777921676635742
35         0.0000       0.16608338057994843
36         0.0000       0.17482461035251617
37         0.0000       0.18402591347694397
38         0.0000       0.19371148943901062
39         0.0000       0.2039068192243576
40         0.0000       0.21463876962661743
41         0.0000       0.22593553364276886
42         0.0000       0.2378268837928772
43         0.0000       0.25034409761428833
44         0.0000       0.26352009177207947
45         0.0000       0.2773895859718323
46         0.0000       0.2919890284538269
47         0.0000       0.3073568642139435
48         0.0000       0.3235335350036621
49         0.0000       0.3405616283416748
50         0.0000       0.3584859371185303
51         0.0000       0.37735360860824585
52         0.0000       0.3972143232822418
53         0.0000       0.4181203246116638
54         0.0000       0.4401266574859619
55         0.0000       0.4632912278175354
56         0.0000       0.4876749813556671
57         0.0000       0.5133420825004578
58         0.0000       0.5403600931167603
59         0.0000       0.5688000917434692
60         0.0000       0.5987369418144226
61         0.0000       0.6302493810653687
62         0.0000       0.6634204387664795
63         0.0000       0.6983373165130615
64         0.0000       0.7350918650627136
65         0.0000       0.7737809419631958
66         0.0000       0.8145062327384949
67         0.0000       0.8573750257492065
68         0.0000       0.9024999737739563
69         0.0000       0.949999988079071
70         1.0000       1.0         
